# 401 angles,  1 tensor ranks for 0=projectile
@subtitle   "n14(f17,ne18)c13 @ 170 MeV;"                                                                                           
@legend ON
@legend x1 0.2
@legend y1 0.8
@g0 type LOGY
@             s0 legend        "Lab energy =  170.0000"
#             s0 legend        "Partition=  2 Excit=  2 near/far= 1"
#  Theta       sigma       iT11        T20         T21         T22         Kyy for projectile
   0.000       0.000    
  0.1000       0.000    
  0.2000       0.000    
  0.3000       0.000    
  0.4000       0.000    
  0.5000       0.000    
  0.6000       0.000    
  0.7000       0.000    
  0.8000       0.000    
  0.9000       0.000    
   1.000       0.000    
   1.100       0.000    
   1.200       0.000    
   1.300       0.000    
   1.400       0.000    
   1.500       0.000    
   1.600       0.000    
   1.700       0.000    
   1.800       0.000    
   1.900       0.000    
   2.000       0.000    
   2.100       0.000    
   2.200       0.000    
   2.300       0.000    
   2.400       0.000    
   2.500       0.000    
   2.600       0.000    
   2.700       0.000    
   2.800       0.000    
   2.900       0.000    
   3.000       0.000    
   3.100       0.000    
   3.200       0.000    
   3.300       0.000    
   3.400       0.000    
   3.500       0.000    
   3.600       0.000    
   3.700       0.000    
   3.800       0.000    
   3.900       0.000    
   4.000       0.000    
   4.100       0.000    
   4.200       0.000    
   4.300       0.000    
   4.400       0.000    
   4.500       0.000    
   4.600       0.000    
   4.700       0.000    
   4.800       0.000    
   4.900       0.000    
   5.000       0.000    
   5.100       0.000    
   5.200       0.000    
   5.300       0.000    
   5.400       0.000    
   5.500       0.000    
   5.600       0.000    
   5.700       0.000    
   5.800       0.000    
   5.900       0.000    
   6.000       0.000    
   6.100       0.000    
   6.200       0.000    
   6.300       0.000    
   6.400       0.000    
   6.500       0.000    
   6.600       0.000    
   6.700       0.000    
   6.800       0.000    
   6.900       0.000    
   7.000       0.000    
   7.100       0.000    
   7.200       0.000    
   7.300       0.000    
   7.400       0.000    
   7.500       0.000    
   7.600       0.000    
   7.700       0.000    
   7.800       0.000    
   7.900       0.000    
   8.000       0.000    
   8.100       0.000    
   8.200       0.000    
   8.300       0.000    
   8.400       0.000    
   8.500       0.000    
   8.600       0.000    
   8.700       0.000    
   8.800       0.000    
   8.900       0.000    
   9.000       0.000    
   9.100       0.000    
   9.200       0.000    
   9.300       0.000    
   9.400       0.000    
   9.500       0.000    
   9.600       0.000    
   9.700       0.000    
   9.800       0.000    
   9.900       0.000    
   10.00       0.000    
   10.10       0.000    
   10.20       0.000    
   10.30       0.000    
   10.40       0.000    
   10.50       0.000    
   10.60       0.000    
   10.70       0.000    
   10.80       0.000    
   10.90       0.000    
   11.00       0.000    
   11.10       0.000    
   11.20       0.000    
   11.30       0.000    
   11.40       0.000    
   11.50       0.000    
   11.60       0.000    
   11.70       0.000    
   11.80       0.000    
   11.90       0.000    
   12.00       0.000    
   12.10       0.000    
   12.20       0.000    
   12.30       0.000    
   12.40       0.000    
   12.50       0.000    
   12.60       0.000    
   12.70       0.000    
   12.80       0.000    
   12.90       0.000    
   13.00       0.000    
   13.10       0.000    
   13.20       0.000    
   13.30       0.000    
   13.40       0.000    
   13.50       0.000    
   13.60       0.000    
   13.70       0.000    
   13.80       0.000    
   13.90       0.000    
   14.00       0.000    
   14.10       0.000    
   14.20       0.000    
   14.30       0.000    
   14.40       0.000    
   14.50       0.000    
   14.60       0.000    
   14.70       0.000    
   14.80       0.000    
   14.90       0.000    
   15.00       0.000    
   15.10       0.000    
   15.20       0.000    
   15.30       0.000    
   15.40       0.000    
   15.50       0.000    
   15.60       0.000    
   15.70       0.000    
   15.80       0.000    
   15.90       0.000    
   16.00       0.000    
   16.10       0.000    
   16.20       0.000    
   16.30       0.000    
   16.40       0.000    
   16.50       0.000    
   16.60       0.000    
   16.70       0.000    
   16.80       0.000    
   16.90       0.000    
   17.00       0.000    
   17.10       0.000    
   17.20       0.000    
   17.30       0.000    
   17.40       0.000    
   17.50       0.000    
   17.60       0.000    
   17.70       0.000    
   17.80       0.000    
   17.90       0.000    
   18.00       0.000    
   18.10       0.000    
   18.20       0.000    
   18.30       0.000    
   18.40       0.000    
   18.50       0.000    
   18.60       0.000    
   18.70       0.000    
   18.80       0.000    
   18.90       0.000    
   19.00       0.000    
   19.10       0.000    
   19.20       0.000    
   19.30       0.000    
   19.40       0.000    
   19.50       0.000    
   19.60       0.000    
   19.70       0.000    
   19.80       0.000    
   19.90       0.000    
   20.00       0.000    
   20.10       0.000    
   20.20       0.000    
   20.30       0.000    
   20.40       0.000    
   20.50       0.000    
   20.60       0.000    
   20.70       0.000    
   20.80       0.000    
   20.90       0.000    
   21.00       0.000    
   21.10       0.000    
   21.20       0.000    
   21.30       0.000    
   21.40       0.000    
   21.50       0.000    
   21.60       0.000    
   21.70       0.000    
   21.80       0.000    
   21.90       0.000    
   22.00       0.000    
   22.10       0.000    
   22.20       0.000    
   22.30       0.000    
   22.40       0.000    
   22.50       0.000    
   22.60       0.000    
   22.70       0.000    
   22.80       0.000    
   22.90       0.000    
   23.00       0.000    
   23.10       0.000    
   23.20       0.000    
   23.30       0.000    
   23.40       0.000    
   23.50       0.000    
   23.60       0.000    
   23.70       0.000    
   23.80       0.000    
   23.90       0.000    
   24.00       0.000    
   24.10       0.000    
   24.20       0.000    
   24.30       0.000    
   24.40       0.000    
   24.50       0.000    
   24.60       0.000    
   24.70       0.000    
   24.80       0.000    
   24.90       0.000    
   25.00       0.000    
   25.10       0.000    
   25.20       0.000    
   25.30       0.000    
   25.40       0.000    
   25.50       0.000    
   25.60       0.000    
   25.70       0.000    
   25.80       0.000    
   25.90       0.000    
   26.00       0.000    
   26.10       0.000    
   26.20       0.000    
   26.30       0.000    
   26.40       0.000    
   26.50       0.000    
   26.60       0.000    
   26.70       0.000    
   26.80       0.000    
   26.90       0.000    
   27.00       0.000    
   27.10       0.000    
   27.20       0.000    
   27.30       0.000    
   27.40       0.000    
   27.50       0.000    
   27.60       0.000    
   27.70       0.000    
   27.80       0.000    
   27.90       0.000    
   28.00       0.000    
   28.10       0.000    
   28.20       0.000    
   28.30       0.000    
   28.40       0.000    
   28.50       0.000    
   28.60       0.000    
   28.70       0.000    
   28.80       0.000    
   28.90       0.000    
   29.00       0.000    
   29.10       0.000    
   29.20       0.000    
   29.30       0.000    
   29.40       0.000    
   29.50       0.000    
   29.60       0.000    
   29.70       0.000    
   29.80       0.000    
   29.90       0.000    
   30.00       0.000    
   30.10       0.000    
   30.20       0.000    
   30.30       0.000    
   30.40       0.000    
   30.50       0.000    
   30.60       0.000    
   30.70       0.000    
   30.80       0.000    
   30.90       0.000    
   31.00       0.000    
   31.10       0.000    
   31.20       0.000    
   31.30       0.000    
   31.40       0.000    
   31.50       0.000    
   31.60       0.000    
   31.70       0.000    
   31.80       0.000    
   31.90       0.000    
   32.00       0.000    
   32.10       0.000    
   32.20       0.000    
   32.30       0.000    
   32.40       0.000    
   32.50       0.000    
   32.60       0.000    
   32.70       0.000    
   32.80       0.000    
   32.90       0.000    
   33.00       0.000    
   33.10       0.000    
   33.20       0.000    
   33.30       0.000    
   33.40       0.000    
   33.50       0.000    
   33.60       0.000    
   33.70       0.000    
   33.80       0.000    
   33.90       0.000    
   34.00       0.000    
   34.10       0.000    
   34.20       0.000    
   34.30       0.000    
   34.40       0.000    
   34.50       0.000    
   34.60       0.000    
   34.70       0.000    
   34.80       0.000    
   34.90       0.000    
   35.00       0.000    
   35.10       0.000    
   35.20       0.000    
   35.30       0.000    
   35.40       0.000    
   35.50       0.000    
   35.60       0.000    
   35.70       0.000    
   35.80       0.000    
   35.90       0.000    
   36.00       0.000    
   36.10       0.000    
   36.20       0.000    
   36.30       0.000    
   36.40       0.000    
   36.50       0.000    
   36.60       0.000    
   36.70       0.000    
   36.80       0.000    
   36.90       0.000    
   37.00       0.000    
   37.10       0.000    
   37.20       0.000    
   37.30       0.000    
   37.40       0.000    
   37.50       0.000    
   37.60       0.000    
   37.70       0.000    
   37.80       0.000    
   37.90       0.000    
   38.00       0.000    
   38.10       0.000    
   38.20       0.000    
   38.30       0.000    
   38.40       0.000    
   38.50       0.000    
   38.60       0.000    
   38.70       0.000    
   38.80       0.000    
   38.90       0.000    
   39.00       0.000    
   39.10       0.000    
   39.20       0.000    
   39.30       0.000    
   39.40       0.000    
   39.50       0.000    
   39.60       0.000    
   39.70       0.000    
   39.80       0.000    
   39.90       0.000    
   40.00       0.000    
 &
